fontScale: 1.500000
resolution: 1280, 720
vsync: 1
fov: 90.000000
camNearClip: 0.010000
camFarClip: 100.000000
objectSensitivity: 0.100000
camPos: 0.0, 2.5, 0.0
camRot: 0.0, 0.0, 0.0
consoleForceScroll: 0
showDebugMenu: 1
showConsole: 1
showSceneMenu: 1
showProjectHierarchyWindow: 1
